function geom = channel ()
	geom = [2 2 2 2 1 1 1 1
					20 20 0 0 3.25 4 4.75 4
					20 0 0 20 4 4.75 4 3.25
					 0 4 0 0 2 1.25 2 2.75
					 4 4 4 0 1.25 2 2.75 2
					 1 1 0 1 0 0 0 0
					 0 0 1 0 1 1 1 1 
					 0 0 0 0 4 4 4 4 
					 0 0 0 0 2 2 2 2
					 0 0 0 0 0.75 0.75 0.75 0.75];
end
