function g=Airfoilg()
g=[2   17.7218   16.0116    1.5737    1.6675    1    0
   2   16.0116    9.0610    1.6675    1.3668    1    0
   2    9.0610   -0.5759    1.3668   -0.1102    1    0
   2   -0.5759   -9.5198   -0.1102   -1.8942    1    0
   2   -9.5198  -15.6511   -1.8942   -2.5938    1    0
   2  -15.6511  -18.1571   -2.5938   -1.7234    1    0
   2  -18.1571  -16.9459   -1.7234    0.2051    1    0
   2  -16.9459  -12.4137    0.2051    2.2238    1    0
   2  -12.4137   -5.4090    2.2238    3.4543    1    0
   2   -5.4090    2.8155    3.4543    3.5046    1    0
   2    2.8155   10.6777    3.5046    2.6664    1    0
   2   10.6777   16.3037    2.6664    1.7834    1    0
   2   16.3037   17.7218    1.7834    1.5737    1    0
   2  -30.0000   30.0000  -15.0000  -15.0000    1    0
   2   30.0000   30.0000  -15.0000   15.0000    1    0
   2   30.0000  -30.0000   15.0000   15.0000    1    0
   2  -30.0000  -30.0000   15.0000  -15.0000    1    0]';