function g = DFGg()
g=[2     2     2     2    1     1     1     1
   2.20  2.20  0     0    0.15  0.20  0.25  0.20
   2.20  0     0     2.20 0.20  0.25  0.20  0.15
   0     0.41  0     0    0.20  0.15  0.20  0.25
   0.41  0.41  0.41  0    0.15  0.20  0.25  0.20
   1     1     0     1    0     0     0     0
   0     0     1     0    1     1     1     1
   0     0     0     0    0.20  0.20  0.20  0.20
   0     0     0     0    0.20  0.20  0.20  0.20
   0     0     0     0    0.05  0.05  0.05  0.05];
