function g = Dslitg()
g = [2         0    1.0000         0         0    1    0
     2    1.0000    1.0000         0    1.0000    1    0
     2    1.0000         0    1.0000    1.0000    1    0
     2   -0.2500         0    0.3333    0.3333    1    0
     2         0   -0.2500    0.4167    0.4167    1    0
     2   -0.2500         0    0.5833    0.5833    1    0
     2         0   -0.2500    0.6667    0.6667    1    0
     2         0         0         0    0.3333    0    1
     2         0         0    0.4167    0.5833    0    1
     2         0         0    0.6667    1.0000    0    1
     2   -0.2500   -0.2500    0.3333    0.4167    0    1
     2   -0.2500   -0.2500    0.5833    0.6667    0    1
    ]';
