function g = RectCircg()
g=[ 2    2    2    2    1   1  1   1
    6    6   -2   -2   -1   0  1   0
    6   -2   -2    6    0   1  0  -1
   -2    2   -2   -2   -0  -1  0   1
    2    2    2   -2   -1   0  1   0
    1    1    0    1    0   0  0   0
    0    0    1    0    1   1  1   1
    0    0    0    0    0   0  0   0
    0    0    0    0    0   0  0   0
    0    0    0    0    1   1  1   1];
