function g = Scatterg()
g=[2    5    5   -5   -3    5    0    0    0    0
   2    5    5   -3    3    8    0    0    0    0
   2    5    5    3    5    3    0    0    0    0
   2   -5   -3    5    5    0    1    0    0    0
   2   -3    3    5    5    0    2    0    0    0
   2    3    5    5    5    0    3    0    0    0
   2   -5   -3   -3   -3    6    4    0    0    0
   2    3    5   -3   -3    8    5    0    0    0
   2   -5   -3    3    3    1    6    0    0    0
   2   -3    3    3    3    2    7    0    0    0
   2    3    5    3    3    3    8    0    0    0
   2    3    3   -5   -3    9    5    0    0    0
   2    3    3   -3    3    7    8    0    0    0
   2    3    3    3    5    2    3    0    0    0
   2   -3   -3   -5   -3    4    9    0    0    0
   2   -3   -3    3    5    1    2    0    0    0
   2   -5   -5   -5   -3    0    4    0    0    0
   2   -5   -5   -3    3    0    6    0    0    0
   2   -5   -5    3    5    0    1    0    0    0
   2   -5   -3   -5   -5    4    0    0    0    0
   2   -3    3   -5   -5    9    0    0    0    0
   2    3    5   -5   -5    5    0    0    0    0
   2   -3    3   -3   -3    7    9    0    0    0
   2   -3   -3   -3    3    6    7    0    0    0
   1   -1    0   -0   -1    0    7    0    0    1
   1    0    1   -1    0    0    7    0    0    1
   1    1    0    0    1    0    7    0    0    1
   1    0   -1    1   -0    0    7    0    0    1
]';